******************  Result of iteration 0  K=4  ******************
          4 4                                                                                                           
      4                                                                                                                 
    4   4 4 4 4 4                                                                                                       
      4 4 4   4                                                                                                         
    4   4   4                                                                                                           
  4 4 4 4     4 4 4                             2 2   2 2                                                               
  4   4 4 4 4 4 4 4                           2   2 2 2 2 2                                                             
  4 4 4 4   4                         2         2   2 2 2   2 2                                                         
    4     4 4 4 4                       2     2 2   2   2 2 2 2 2 2                                                     
  4 4   4   4 4   4                       2     2   2 2   2 2   2 2   2 2                                               
      4 4   4   4     4                   2 2       2     2 2 2 2 2                                                     
    4 4   4 4     4 3                           2   2   2   2                                       2 2 2               
        3 3   3 3                             2   2   2   2   2 2                                                       
            3                                   2 2 2 2 2 2   2 2                               2 2 2     2 2 2         
      3 3       3 3                           2   2   2 2   2 2                                     2 2 2               
                                            2       2   2 2   2 2                                     2 2 2             
                                          2       2   2                                           2 2 2 2   2 2 2       
                                                            2                                   2       2 2 2 2         
                                                                                        2   2 2 2 2 2 2   2 2 2         
                                                                                                    2 2 2 2             
                                                                                              2 2 2         2 2 2       
                                                                                                  2 2 2 2               
                                                                                                        2 2 2 2         
                                                                                                  2 2 2 2               
                                                                                                            2 2 2       
  3 3 3     3 3                                                                                       2 2 2             
    3   3 3 3 3                                                                                                         
      3   3 3   3 3 3 3                                 1 1                                                             
  3 3   3 3 3 3                                         1 1   1 1     1                                                 
  3 3 3 3   3     3 3                             1 1       1 1 1   1                                                   
3 3 3   3 3     3 3                               1 1   1 1     1 1                                                     
  3 3     3 3                                   1 1   1 1     1 1                                                       
    3 3 3   3 3 3                                 1 1     1 1   1                                                       
        3 3 3                                         1 1 1   1     1                                                   
3 3 3                                             1 1     1 1   1                                       1               
    3 3 3                                       1 1 1   1 1 1   1 1 1                                 1 1 1 1           
                                              1   1 1     1 1                                     1     1 1 1 1         
                                            1           1 1 1   1 1 1                         1     1 1 1 1 1           
                                        1         1 1 1 1 1 1   1 1 1                           1 1 1     1 1 1 1       
                                                              1                               1     1 1 1 1             
                                                  1 1   1 1 1                               1   1     1     1 1 1 1     
                                                      1 1 1   1 1 1                               1     1 1 1 1         
                                                  1 1     1 1                                   1     1 1 1 1           
                                                                                                                        
                                                                                                                        
******************  Result of iteration 1  K=4  ******************
          4 4                                                                                                           
      4                                                                                                                 
    4   4 4 4 4 4                                                                                                       
      4 4 4   4                                                                                                         
    4   4   4                                                                                                           
  4 4 4 4     4 4 4                             2 2   2 2                                                               
  4   4 4 4 4 4 4 4                           2   2 2 2 2 2                                                             
  4 4 4 4   4                         4         2   2 2 2   2 2                                                         
    4     4 4 4 4                       4     2 2   2   2 2 2 2 2 2                                                     
  4 4   4   4 4   4                       4     2   2 2   2 2   2 2   2 2                                               
      4 4   4   4     4                   4 2       2     2 2 2 2 2                                                     
    4 4   4 4     4 4                           2   2   2   2                                       2 2 2               
        4 4   4 4                             2   2   2   2   2 2                                                       
            4                                   2 2 2 2 2 2   2 2                               2 2 2     2 2 2         
      4 4       4 4                           2   2   2 2   2 2                                     2 2 2               
                                            2       2   2 2   2 2                                     2 2 2             
                                          2       2   2                                           2 2 2 2   2 2 2       
                                                            2                                   2       2 2 2 2         
                                                                                        2   2 2 2 2 2 2   2 2 2         
                                                                                                    2 2 2 2             
                                                                                              2 2 2         2 2 2       
                                                                                                  2 2 2 2               
                                                                                                        2 2 2 2         
                                                                                                  2 2 2 2               
                                                                                                            2 2 2       
  3 3 3     3 3                                                                                       2 2 2             
    3   3 3 3 3                                                                                                         
      3   3 3   3 3 3 3                                 1 1                                                             
  3 3   3 3 3 3                                         1 1   1 1     1                                                 
  3 3 3 3   3     3 3                             1 1       1 1 1   1                                                   
3 3 3   3 3     3 3                               1 1   1 1     1 1                                                     
  3 3     3 3                                   1 1   1 1     1 1                                                       
    3 3 3   3 3 3                                 1 1     1 1   1                                                       
        3 3 3                                         1 1 1   1     1                                                   
3 3 3                                             1 1     1 1   1                                       1               
    3 3 3                                       1 1 1   1 1 1   1 1 1                                 1 1 1 1           
                                              1   1 1     1 1                                     1     1 1 1 1         
                                            1           1 1 1   1 1 1                         1     1 1 1 1 1           
                                        1         1 1 1 1 1 1   1 1 1                           1 1 1     1 1 1 1       
                                                              1                               1     1 1 1 1             
                                                  1 1   1 1 1                               1   1     1     1 1 1 1     
                                                      1 1 1   1 1 1                               1     1 1 1 1         
                                                  1 1     1 1                                   1     1 1 1 1           
                                                                                                                        
                                                                                                                        
******************  Result of iteration 2  K=4  ******************
          4 4                                                                                                           
      4                                                                                                                 
    4   4 4 4 4 4                                                                                                       
      4 4 4   4                                                                                                         
    4   4   4                                                                                                           
  4 4 4 4     4 4 4                             2 2   2 2                                                               
  4   4 4 4 4 4 4 4                           2   2 2 2 2 2                                                             
  4 4 4 4   4                         4         2   2 2 2   2 2                                                         
    4     4 4 4 4                       4     2 2   2   2 2 2 2 2 2                                                     
  4 4   4   4 4   4                       4     2   2 2   2 2   2 2   2 2                                               
      4 4   4   4     4                   4 4       2     2 2 2 2 2                                                     
    4 4   4 4     4 4                           2   2   2   2                                       2 2 2               
        4 4   4 4                             2   2   2   2   2 2                                                       
            4                                   2 2 2 2 2 2   2 2                               2 2 2     2 2 2         
      4 4       4 4                           2   2   2 2   2 2                                     2 2 2               
                                            2       2   2 2   2 2                                     2 2 2             
                                          2       2   2                                           2 2 2 2   2 2 2       
                                                            2                                   2       2 2 2 2         
                                                                                        2   2 2 2 2 2 2   2 2 2         
                                                                                                    2 2 2 2             
                                                                                              2 2 2         2 2 2       
                                                                                                  2 2 2 2               
                                                                                                        2 2 2 2         
                                                                                                  2 2 2 2               
                                                                                                            2 2 2       
  3 3 3     3 3                                                                                       2 2 2             
    3   3 3 3 3                                                                                                         
      3   3 3   3 3 3 3                                 1 1                                                             
  3 3   3 3 3 3                                         1 1   1 1     1                                                 
  3 3 3 3   3     3 3                             1 1       1 1 1   1                                                   
3 3 3   3 3     3 3                               1 1   1 1     1 1                                                     
  3 3     3 3                                   1 1   1 1     1 1                                                       
    3 3 3   3 3 3                                 1 1     1 1   1                                                       
        3 3 3                                         1 1 1   1     1                                                   
3 3 3                                             1 1     1 1   1                                       1               
    3 3 3                                       1 1 1   1 1 1   1 1 1                                 1 1 1 1           
                                              1   1 1     1 1                                     1     1 1 1 1         
                                            1           1 1 1   1 1 1                         1     1 1 1 1 1           
                                        1         1 1 1 1 1 1   1 1 1                           1 1 1     1 1 1 1       
                                                              1                               1     1 1 1 1             
                                                  1 1   1 1 1                               1   1     1     1 1 1 1     
                                                      1 1 1   1 1 1                               1     1 1 1 1         
                                                  1 1     1 1                                   1     1 1 1 1           
                                                                                                                        
                                                                                                                        
