45 60
399
1 6 4
1 7 4
2 4 4
3 3 4
3 5 4
3 6 4
3 7 4
3 8 4
3 9 4
4 4 4
4 5 4
4 6 4
4 8 4
5 3 4
5 5 4
5 7 4
6 2 4
6 3 4
6 4 4
6 5 4
6 8 4
6 9 4
6 10 4
6 25 2
6 26 2
6 28 2
6 29 2
7 2 4
7 4 4
7 5 4
7 6 4
7 7 4
7 8 4
7 9 4
7 10 4
7 24 2
7 26 2
7 27 2
7 28 2
7 29 2
7 30 2
8 2 4
8 3 4
8 4 4
8 5 4
8 7 4
8 20 4
8 25 2
8 27 2
8 28 2
8 29 2
8 31 2
8 32 2
9 3 4
9 6 4
9 7 4
9 8 4
9 9 4
9 21 4
9 24 2
9 25 2
9 27 2
9 29 2
9 30 2
9 31 2
9 32 2
9 33 2
9 34 2
10 2 4
10 3 4
10 5 4
10 7 4
10 8 4
10 10 4
10 22 4
10 25 2
10 27 2
10 28 2
10 30 2
10 31 2
10 33 2
10 34 2
10 36 2
10 37 2
11 4 4
11 5 4
11 7 4
11 9 4
11 12 4
11 22 4
11 23 4
11 27 2
11 30 2
11 31 2
11 32 2
11 33 2
11 34 2
12 3 4
12 4 4
12 6 4
12 7 4
12 10 4
12 11 4
12 25 2
12 27 2
12 29 2
12 31 2
12 51 2
12 52 2
12 53 2
13 5 4
13 6 4
13 8 4
13 9 4
13 24 2
13 26 2
13 28 2
13 30 2
13 32 2
13 33 2
14 7 4
14 25 2
14 26 2
14 27 2
14 28 2
14 29 2
14 30 2
14 32 2
14 33 2
14 49 2
14 50 2
14 51 2
14 54 2
14 55 2
14 56 2
15 4 4
15 5 4
15 9 4
15 10 4
15 24 2
15 26 2
15 28 2
15 29 2
15 31 2
15 32 2
15 51 2
15 52 2
15 53 2
16 23 2
16 27 2
16 29 2
16 30 2
16 32 2
16 33 2
16 52 2
16 53 2
16 54 2
17 22 2
17 26 2
17 28 2
17 50 2
17 51 2
17 52 2
17 53 2
17 55 2
17 56 2
17 57 2
18 31 2
18 49 2
18 53 2
18 54 2
18 55 2
18 56 2
19 45 2
19 47 2
19 48 2
19 49 2
19 50 2
19 51 2
19 52 2
19 54 2
19 55 2
19 56 2
20 51 2
20 52 2
20 53 2
20 54 2
21 48 2
21 49 2
21 50 2
21 55 2
21 56 2
21 57 2
22 50 2
22 51 2
22 52 2
22 53 2
23 53 2
23 54 2
23 55 2
23 56 2
24 50 2
24 51 2
24 52 2
24 53 2
25 55 2
25 56 2
25 57 2
26 2 3
26 3 3
26 4 3
26 7 3
26 8 3
26 52 2
26 53 2
26 54 2
27 3 3
27 5 3
27 6 3
27 7 3
27 8 3
28 4 3
28 6 3
28 7 3
28 9 3
28 10 3
28 11 3
28 12 3
28 29 1
28 30 1
29 2 3
29 3 3
29 5 3
29 6 3
29 7 3
29 8 3
29 29 1
29 30 1
29 32 1
29 33 1
29 36 1
30 2 3
30 3 3
30 4 3
30 5 3
30 7 3
30 10 3
30 11 3
30 26 1
30 27 1
30 31 1
30 32 1
30 33 1
30 35 1
31 1 3
31 2 3
31 3 3
31 5 3
31 6 3
31 9 3
31 10 3
31 26 1
31 27 1
31 29 1
31 30 1
31 33 1
31 34 1
32 2 3
32 3 3
32 6 3
32 7 3
32 25 1
32 26 1
32 28 1
32 29 1
32 32 1
32 33 1
33 3 3
33 4 3
33 5 3
33 7 3
33 8 3
33 9 3
33 26 1
33 27 1
33 30 1
33 31 1
33 33 1
34 5 3
34 6 3
34 7 3
34 28 1
34 29 1
34 30 1
34 32 1
34 35 1
35 1 3
35 2 3
35 3 3
35 26 1
35 27 1
35 30 1
35 31 1
35 33 1
35 53 1
36 3 3
36 4 3
36 5 3
36 25 1
36 26 1
36 27 1
36 29 1
36 30 1
36 31 1
36 33 1
36 34 1
36 35 1
36 52 1
36 53 1
36 54 1
36 55 1
37 24 1
37 26 1
37 27 1
37 30 1
37 31 1
37 50 1
37 53 1
37 54 1
37 55 1
37 56 1
38 23 1
38 29 1
38 30 1
38 31 1
38 33 1
38 34 1
38 35 1
38 48 1
38 51 1
38 52 1
38 53 1
38 54 1
38 55 1
39 21 1
39 26 1
39 27 1
39 28 1
39 29 1
39 30 1
39 31 1
39 33 1
39 34 1
39 35 1
39 49 1
39 50 1
39 51 1
39 54 1
39 55 1
39 56 1
39 57 1
40 32 1
40 48 1
40 51 1
40 52 1
40 53 1
40 54 1
41 26 1
41 27 1
41 29 1
41 30 1
41 31 1
41 47 1
41 49 1
41 52 1
41 55 1
41 56 1
41 57 1
41 58 1
42 28 1
42 29 1
42 30 1
42 32 1
42 33 1
42 34 1
42 50 1
42 53 1
42 54 1
42 55 1
42 56 1
43 26 1
43 27 1
43 30 1
43 31 1
43 49 1
43 52 1
43 53 1
43 54 1
43 55 1
